 BOXLX    = 70.570007
 BOXLY    = 70.570007
 BOXLZ    = 100.589642
